Semester Prediction vs Actual (Auto Date) Summary
requested_date: 2025-09-03
selected_date: 2025-09-01
selection_rule: range_2025_09_01_to_2025_09_10
item_count: 759
actual_sales_sum: 20849.0
predicted_sales_sum: 21006.617245221372
MAE: 4.290986
RMSE: 8.236026
R2: 0.962040